[app/ui]
version = 8.1.3
modtime = 1620013225.760441000

[app/launcher]
version = 8.1.3
modtime = 1620013225.761214000

[views/aws_codecommit_overview]
owner = admin
version = 8.1.3
modtime = 1620018557.795305000
